function out1 = region_sensitivity_K2(K2)
%REGION_SENSITIVITY_K2
%    OUT1 = REGION_SENSITIVITY_K2(K2)

%    This function was generated by the Symbolic Math Toolbox version 5.10.
%    28-Feb-2016 19:31:29

t2 = K2.*8.0e-10;
t3 = t2-1.0./2.5e2;
t4 = K2.*1.5e-11;
t5 = t4-1.0./2.5e2;
t6 = 1.0./t5.^2;
t7 = 1.0./t5;
out1 = [(K2.*t5.*(t7.*1.2e-4-t3.*t6.*2.25e-6).*6.666666666666667e-6)./t3;t5.*(t7.*3.925e-3-K2.*t6.*5.8875e-14).*2.547770700636943e2];
