function out1 = solution_sensitivity_a1(a1)
%SOLUTION_SENSITIVITY_A1
%    OUT1 = SOLUTION_SENSITIVITY_A1(A1)

%    This function was generated by the Symbolic Math Toolbox version 5.10.
%    28-Feb-2016 18:59:28

t2 = a1.*3.2e4;
t3 = t2-7.68e-3;
t4 = a1.*1.2e3;
t5 = a1.^2;
t6 = t5.*6.0e10;
t7 = t4+t6-1.5994e-2;
t8 = 1.0./t7;
t9 = a1.*1.2e11;
t10 = t9+1.2e3;
t11 = a1.*1.5e5;
t12 = t11-1.585e-1;
t13 = 1.0./t7.^2;
out1 = [(a1.*t7.*(t8.*4.8e9-t3.*t10.*t13.*1.5e5).*6.666666666666667e-6)./t3;(a1.*t7.*(t8.*3.0e9-t10.*t12.*t13.*2.0e4).*5.0e-5)./t12];
